258956583189650083779341984572156894311739212180,38108576210710895557875514492531833918918192691
777080015344806502109731880658502919632345427,195948083213574047731094063240695848757967210896
826610848444269786825027878369983341974678493892,308955584177689053599872601074892641107805834
8588964252082901092708974060000399945668133789984,35539224349338614527384425687035324309686848606
56209650585142090299715808132759216288285256692,854027739459668009628320200834485184279594194
929177627597596493582083585091256496553060707289,82534151770680532534625933722419597235460846802693
288004276252891492218306701088546646609488114,692710476030202232434203991562258226952979597
4523137647665733865570128811948723086380336661178,652029580715082342578318356049656888174219655140
40354816246339606283556127962432700358388820187,76436492247235219046357606665021880729020986226465
7097990952001575153972300755461623447511639349,486902426152986194494135572255536626314112991483
4147495617539271858859701956995778437116369854,33447877386354509802175579563936858884945336434
8034923372845087349474958745619229596662527166725,5320815354293004611000582017964111205776237868
833427748333023945953615602191043732581811578,727595436231952294198112931789750004882686853006
567522320329803640204069094961988502153620467,9805410961983768203994357125358769049945287309462
696269363475707064246981341297805350013131718,5779295105885193631765333957058847000162702987216
294876683395118349273307645986636597625380617780,8559542764581545148613163453216376758730937015819
62136014828238021594808219253550110927834324170,558048351136071752678277718165523720542383628
916884773502876397957205238373571652631780838,6610272997006705058833637998656329467516772076
271532388117946140409911838312718482933712849877,2078949699730169781616499232942395501455823315
8595451198058601643313630276496136092961199184161,33703266887483298102127824592927664574489993777
534454730770845244690781581316286691607873134179,711862062121732226597701879435084298978341629
687652813845934083061964200471086726860149502,621429468796888393657894886682417938137727636
6324558030983305813782773617618432662077021258524,6036349071984466249779912668734909281727353094727
7138843373255526660029453122341444590219342142,84208050599218562568509575167833689063532534595444
779622114892800648378110827216051466153192714881,25336405985459098122570014528082257845855120163
7869383047332236491633746660529127761411183309101,1078850302516280570392884298471573607486416234
70765011167813773993415107773728559688260507932201,2109028737720143718387022986480994613296621391
92602763216118379701540284643511518011264570721,997289115986302592583703321383117783269728876
995923594444957959717471522054582090960138048871,5148575857453790855562046714366673423999830969
802439591247127778977879692279398743982447116815,3146852244356434378887772517902557223561045793436
6842442524663773474801288205684511321888208466,69549906369330767397704065584004553904156054454
719721060446954398016023954166898560571850724687,70647319957058239481189095286456996560933584179700
5447328116512432029202517660157808726457042085826,6860531391244688941967920052291810331052688348808
665777869337089330235932105137430160651493468,68532297104183066697013024110316652832156326478
201104350030043433420617519644922617731604778197,3772235486888158320225179490677123140908068943
4679254933822731241644447414611350877125766496648,88820129339400152173642790805364576835708935076974
9034386389424219567197867442871598335986272411297,3760519017325421076028611957700540489367185653351
18984541183726443294905651579968266957908059997913,462973157334899639846387746344048158689026977
61330982470869357634220960384653022896258346938368,8948735919743474252472567859080182074449984252362
4537458639361326085541393335116873559716649037,7999719303502114803257829747143557430780647848
47459773625501072483679694657489256423235044380,3878120905001537317903557593433924775743752559
198417209544495611125504004615251732743974622,9816487971964446714057542648156563927426162870
509206380949808671776699043261079212422724451,42810426249920024835799347622697251580491103164053
2438045575225772247039118601874403063574387540,66443749681731090125033094999818920273536577143
80637141410147132200982192746437318314449723159,43134717400284018062208347998804303725000317496960
77846795213703874355721498200939755592702327183787,34873232071726264350146652916343221206711577956
73446063622441957765722648987434718291450811604,959034724906127330328568069141164527919021073
57528145262701176129289525326416848997316933556,82931803702987721500569371883688633377180905479646
948726009499816405573408281173815721725968173833,93127368556004386426440082408559729093627310019550
762510699457714950153391650055242831669821709772,152301379086940188543064570017885726674844932
618106898138941966841230221855227419328283746806,100204012277088736798147209328817897957590099630
379900747889768203889337391587970692627379818,81941116612084186977830742910872814186384624136953
2941977747215413615029781598889825011558903208439,452295619222098333280150471203774748210288372
63832366260811156361334662576954508322313141747,77756380001769965355383426522825558384604447968726
85850605586725573792365281721983308617513253450,1262424655948911836824686493382461123163718076190
904564613287682306656538560738741713991828313,42805214329742943486351893913376819239921698960
23873061513933876875562286972789009116554352707923,1136256100255774924588086360340856688811542906
84136045451457663778172491845345128551876368970551,163592116458227223401128275023696957884963411
178508225815605221724637402498243641570248298,97994316666272350792005226290073305365368330247
881587921704513468352548225126834850515683330100,326234778234490862198044011389076057826792643579
