6320912009998890716118764972444994069455742834717576083540333698482045443823417945236832551384101440,297412548136065088779202884598825845783743606336620630997109756277664585779582257624051629484007
317811949713236881614797623466003163779722964834793899937947134460790029842856288365239350338832640,9864469111723087196306307655397323246077195144319253354255920443411641495346400001705046268088740
95025699806351068444649345161965747625433175067458154522019151513141739025899986420005366030435,6828683853843729213737428112272911186094123300093007020253140666184631542009421525287904060501339
96843228209528824201664299723929436044459677136987674815924447762333370323567673459240842232745,9267032973193264914469127160584444968008378647733736504093719802079823529515845755709704553802430138
8889568389740843708472492240927384287795996250214962339773522621885451381855083154787914602891095483,624330705515912680379198706089587956352329317059662229645496717603490380092436572543565858399363460
343851751388798001938835933284928162468099095995019950708164519272405596928098073865718987111668,51733743745042213419537423067083874265009612244905570340689313473307999175279917745394491426014759
561483768516314840815660054196688078835445796072024916332473272623616445980204244734094966025705898,232835070598995373419058566951639399698846637925659807460652218513533829445943764383582038573522728
8750873458797213771141449344363508425122602313671612618702525735491198764404258779420071866492287,63098850906469996145257783144899567861272803644952680476943808305023494341482414371796964854872
120960256048493989628544422499742068873505122021058142293166425010208594349676651335869536690750,490756059569099997558495889731035300773122192496771984192297728387693814398767418258080768974986
1181414046127250065566324953977578847328827042410573567418903191733085864923192166257212827784596,7458102741274049615070401577842580476073743165467153099014883298201028666971206622878879372807099
2064072696112374771136077433306464281360515934570176436677416191106975540704185143687055305574761297,5811239787495701573010297535211296822012190575924413566099581112855969780730713413777424729839259
21283136631379452929283386960546859241994811343477214193129158961042380978657021399382946108719002,97846507705409239774541936677039550002839413320586545978145789826832024709288040540908415447791
8553226119416114717411065638335426030733446854461845685293742260354291042709996995458670095006822978,693916823036867321772631742181629152186237068909667317778764945322705428803597449243771405842799181
19968132829429331500401666740076875798843853181629447797060251427930037944341995389513343398190,3589468201169092251512026347053689831343551689734090413936628890302002151400055291580622450193801
717925061180793471841612144653493198066159630200309561825064776339200673636076753386957145498285441,873478947298911943976166566298335327801375941528480730965849095050404461543307504972106193031722
6480712825960484078619439076117078562866544767908739831670680583576781210408518521185462949874239,69553722837157672716067546126790158688296631011770867033910630838630293579167905825395700166169611
616754199709019766230861280046497767488964348898646386918809991619013752911401654843353027074329519,902427654016746335678562323221465519903542609036527999678161825926505796334524852477143997575002
51574953426723252069669850391481962885548057013744987972718166001165169592526631449262455561016124,7299042389914581376949481103470693020713456034960112533646810019736429513864915766400927739691672696
9427470629273765111306153209513748878327286986379331633420951069260590725969388102013968295229242695,575059414015651929333212077854227242104884765935489262672985959804407446234793071205406357524405
12634467131936021043107800852787423984821559653401863680746284876580227052049991563004761638083173,77334445949471107683979900727561903438589656926955498284857816582489332929378952612843114618377
44756731572841027187693428252892167928286070957239041669741115552912249640579270174962228974879,8928323372343453497916947794225750927970935651182139894979559794536601740141289659038848561352369780
7793836041506798559596664400237951630550807106373458835199348548235931163582878916887334129300067430,462415013512408098230229191801387114937500622338046782018387249431900177207444819495720379868452
497523573110633404904355645677302263966307012137777809420007339400101925404892553751118579259248,93192427719318260685142900361990575074031128681025986573338730385665813471268661905365801586666
945960836987242249227559877035092073028468260464962528779917436422279526298870346807832677984533607,6381867627868878495183113553447936787302066236772354800050711364119969562138266870324292749689195
861623911952911066930336455115881046482869683981416592128227536114400540369807235590334363522240975,4361209218149475479282154867798578617251445091228833082078215643495145323574565838711825641148362
2115487884220261837611462652951570301341001028493228116659412569384538963981372388410793958218074600,3589431856435457850884511019447744249526141435271625552735742762252817171688704310455106611243027
345887220558084285336085469964168696685320796231544045029559224826251007364989232072708485192874,87339476472847167203282091391044777877509004049233519332748467869827266983842579648097452423213589
24236286665895254929459335109354411902856331353161512303147810473588410083556243681108364776119173,5603282518355444956646498167210690302372836254762349943807467605248290540048651767175418335577099146
257275897398189410043770825830622308901911215260929861812418318610962933963159992440125239586762,72629715079006032233705669729086342062179004383767198103585499675831920496421963218074930681483178
622263058619876369087404925016641962087043050819950726818616223623658104274624010642098175070694738,7834406996125045570874372320778288279208078678163082058215530616195980809092552665988645976920100747
880446338838194886549010945151099345032770771045020630243639044367610195157874864425061392327561,72045028964317077440678961019412899956100485897446382406762550983191760348369529439626492982736716
980007157073647112057593602160157540764289602967202272173742467442661901880298375358600827589266,22244731752232445526094128110905826306370806206235879585669166439494752533109690634415172823012733
75671488144875465701172391215531723830417608810662419900065860572528365434411855273009564159013,24963371556709284377490861553773468229262530938741820017175633636841555807015546759192300850216
8405409775900024939955482778501570616515965044748693310060835860958216746351921050621705420500493635,8735394605108877908799025892269235971802233346573156485251095623387047782828888127524943256805034908
84725853114321690007907232939696016777105639821392546930190195451565378228463100006294394979642705,5737603052340362453593503084678986885488901800164196667121268947738483967370570654269845798162692
336219545955288063556081100014566650244185654554290932622331243480697362258053045380527465207547,978158236373038054669219458088469675838065857922197413426672539391854038714254866274156489154801045
990987283744463814893518961129889929705071882540394400954902373267867968187711127859019145069780877,247784275719863783452343478889452073598504193023108618240481127102812650653564149820849611881226
29855141581145420922541409827187423391253819391231198334512189694418039649512948264235522405516,5868798721592228804159688732741288045205741573929702415029105309943611878602461313114765982064828800
1545421728769697081336302161805415188707711822775642451874690187169539104762616033548693243167425774,76218874341655857342929983260917596982089400938921838055050251995706015537356419892886821896575488
137566328108189735502834959449572546940811601106454735805175043213373115646376333884877892004927,1432502432930275017514898126861623667627519701138966162252236216960880835935339010459189389397139
207446018267332790628461198769350892991891260885410219241779753911010603853405881788230928845604,515858879612173502857904254400050630179622374499164151056306751229297711551812054783314742313430
3956849619159647749293420384617177911156243751392143041899840208647653447838249522917611178802128,4259563576653090528080274390572444618833278792569247340644847881047986852772406972654102429983904
62861364151142759120767920465067704754283417556670120835252472158077201732171410357163485813479692,583040510078739400104004526517882796531904293904789993287582986441735453314210839770018683168743722
6579692740885119277706601192044989465012281569985276761194302243312106479428139541202944749279452,976877356551538094650955017370148019388916788487384890816104403716844174224136909468291083392409
132613595964624471314997887624388490767061962502505589719067859952567644423612894250079769146184,31417412321361265747373506503390616963339368793485820163294507232708860729547720882541906262003038
2618616322724327226938846653742130883259769843701142800558096994814329230835508173540514909731031,24208526066604401412221381502987117888424562253345682464243700536648903928149405271485807333712
66421797653326591123164120498395523755113638469320570599275240272993212652908628686253753587008,8214164124150853204568536602987195593069891670670040454616069956563903216773752281374045721298394579
266659811538706688061480188118505788903741422334739585995211489002902858172136797175195795128035,198552542759106918459473696395152530465354847221934491278492299659228958327260860112521954047740941
8353412020387633095464547740502937051016922972463413327296037677093292731795348891260725493233752,48553425734591180557775384285284254239644699429285052824900803424755824250355877923719743871036145
7957407934335725795995843700653594370138622149882315224904129124419486778283599575715450650054918799,739692592319851853980449876650826892522023372004225129950323105594340358573103874675710734554078702
181161199947992687619007570490536914448658660928040717459010571289150063985427889076733613172513,1470317521557447747779276487620999467835846425214183516773040937995497105816066977576748030652525
50923089724443867167766702765267403074421556363661193255014463779816806910935880710109774672124850,670397539159060431670005578228972261403469746032983046273779922447045573431225618523308205273448379
48251249238518456644352614427936839260325834954864608107208836762632620141771897643843016872550795,2708122447956361342428950475332155956437886261235414532264692646018303826708508400616936731472425669
55223882788729030165233411182193966462505075851020211508562163217006820437802315965862478310381820,7833694374171351791766137326921063550881057906793538776483036693077195432520313334296066174043170
53610764885850392980340377101543210301280824941392374484953102838389954045003703698343230062000923,352396791002055283613530306434588381164369583586597486280654568689257738563734872381698226096631435
66913176186176964070042126389082071707444657842115091441904149560309070642946933654430317499361692,8404487154989383313195381067901349651353826649107881706460778523644618888140580040609082207475656
51347142375849485924174969021322394934993071750910942871411058872928162700925428887726841139640107,7577137371406627978822313887770840789636291859176298244732364220856057925273827012807935733088153
7978033837719936057360125977740155790431940822895074918128324983736201133064176876011049521670238273,20697200556459365037061026411583780951532661924968836704320870851648468878481386995836564736968
42801095194816846709464061328408108261248020367362278066201652918711521563004635880758323909484861,73728375693634946606810811444867667602183683264278411997138316713179138363732069724283653643615
1221144925799137707200360760683226513849675784922523448632411719271220329358695455012851502467429,49261474799204768906110372289641784886864524593315247921902793163142252780777639241294671670623031
19765222924277556336368168578812119769353109739677035754715111943495557346787115148765155574234426,132012818829668501124375849051609893780761755537500364391892269055218257831864080528105165012744
9972478198032161625368506173095028266984390715782450609063971529348210157432104542311952951124070,588744484993411149188920879879332649361531357486714132704214265621539291990609423401374287156092
599513952415956496522348475889995070616676615404187393636909265654291186089032412630327366042312631,34621801466073437607274934030590653682224318672098612328852002474238958673408175976909409651207
3894454326568616700364628340238642456219167877071234889353249272669823849901579409502413567374498,2958326884347104336478979612079360001389596732241930913310137251841793698299211827455801325284752
44406409118761729704316162521731833092393991275285540599807485126943040710670835771481339068346182,672166838885794716235004510208454668008581091631681014258280893319223877251831891999885453862752
988404607455560201464554334283935265721195910724175707419129980364593810513462074961093148954405,7072253644069598520172354547317642586544170317682291586248937680077245778005544229009566806804094615
16981981337320528964080540673001720638947761184634626857255861086228561301560967696615964595940,3419091285939893639940018332772579080788513591858183095038781193527785727936840074158202236389724
59387478112820012979897373190420176597096891300640668972159311530998350414660126905174642519002,27493113498096277743668127414798216029179518253022173389875880878012626476752445179270357372519218
604606267640337911284430606102978574872442798550541768630267407669926498331724626080479375395504977,648665034646454144871914900185548324182067449644671345586297505528197326886143272730573549773110856
69398359991929760925345683322921091492971237885583908323973153522680533671071439351277712202617,685825586199728746629038591422624073367107182195587246490667803284074964556038557395053586729602745
