39706251253657363235836153684286152986512318315991969395597104603010932494962490220902839996554442,9289695341775513740691649226618926710668512217959417101781615608710958673418021323866577950934328975
597040058336290840942950975326949452485893766228841051559782080078039673518435049884052769916379919,708015748325014095235308929303203539833219662333706134574329136713028557343044774118763777712269
9116297685632887037696122403579636458358439493671219222345312720837562946932929505897146858971379476,19312713080100259805937618799067627908895715843229612928274577990347899333488431912252149497702
917599150076109631352628060675504129997840676250481253803469778900911093593228759626174459921550,4045645762989838462352660407825794680233868490028665292557788948319737858073699198643437389696945
457786949674886432492784658690691001873019904443969275032300377132350428539195817465410710828863853,505277525384276213974822514260854038043122821672359481660651294625738321466654652518943176434500109
376360877667979112947658322757483656816827094508414930826143724089087791491546457184818926400491568,725582723066549259436096749401790670069872235383156708381222594865577590945741832136436792126905877
1193056566289025040973329123158824023706354873587485735102351397719661517035472502049395309164537433,147432231551774787315456612308854088904861733000247784175667921830719078308904176819846605118935605
55830183441454008619124218122743508951360214933410894541627884025258685875784800035908012186372530,3231217241657754720617596496690574110422901214486003532252867344321951273552625979598791038396508009
208102500152242672237998565466447178605039068300771659672542590099699481957487639204270413491288509,352910225194999825546519571759570667173342282174644834758183192084092320528991875776004837016588
588709950263299199459786488200829049878686117144239064317720383776408531903877076530238390707863350,384796075026862707923875224039866370541485583380054332197297141944602762613518480758858856620370
7901549851712878302089594481376626251170016897537611144640699727669185873762043218231994917856380,96964450544314546285884946009333907222821980661289643390690126364504516455261858215561003948025
948821462661431428085728644347078994043032818728658600457968378709353504775633073943558388000467078,65850414684955913170170372610259696537537350529548992466815958235665853451568133685207402680123028
1104611278281403039648285922417291313391309497206136465410902021294950324680332530217149728466920,468512545804753536628900321718348441101668733796261166414835776931309277882759850538187104096258
25001120956118081261207806160876589692356533525949483405949698486825099429014135645120784004785025,622134747938062663065189943092717664718356038896437554577830370749677357306255747784453603205855021
99156764493034608042244879407782858449243171853454726899521324365491152923205338546007104240418012,44190584311242323130589521872393721486307777569860892750082697005554127161175562295569845198738
105187415354830458812172069168894969874037299420250517084453172410032086332251716177108013752352072,862163785875184219866715793857625761224996123729878294105404712903008493886729632376711300834580
57200177557538971600942992333819778045402195188227190481897550967664435202153543039442097022570,5004181553266881300308519920084077312322814823709503186507501711709174049664376256744290046250301457
6961524837088938902503828131786127373787736171753227208534947728177899415094457883391966317359347018,2486687220830526064328232100315561314945973465406628184130238469923497868523389351626657709902813460
423850068003350134731213157542197325652369114426514690068473801695163464278302954605187033279140,5879996232978267239391646886900556214392615591226173450746199494041081368542502607379544671966275
561354781611022882586595588671518076372356940050436853936242832452842826584136554700802602011431,52253059081676738341217165552563951394080848970778425539413140149273614904837522953464959243347634
98385243206985385555723970206618706421454903709684772484407399077630118454453333554228225623392,879186160288038060588720461431305149042472562001036380356117714118863470352655804864867430095281
191194210554311312367280997227473290213352593926235572002040661833609917576944114013605822139922,7500331457452364755287651413625048025345322077560915945652624844754832169874777471959700965338083370
8573745686781687118925966036406346258760504095498062974459537771548176323903420030135816259148067135,5093867704375289346958142326773356474129832262251170648776680516904207126047895126102829201287864
171047342988779290000583192791248293870785002094295703610128200597200277904256413898109446003020,505526997405442413472281124699024230593920095427791967678668729454871318276845739953754225439755890
7635825508509450819401059905688549990094599178516686480919939353280558977977714757219399523616468,13202060126838829887529262394129406558150379608668396934461663130780555761107959974003984942606074
246868029226946533052555661286648031037094432217619219872057254200631908794446904334659366010099,983018169340455089607913963424637524736777980357057399601785265878934626026951473979419356482578115
7489635082362586335013886657518989908934939635333192351089586755380552182138444894666294855266657,937922404549314953120402437306131950434851539703462604380925752870134467407196286000439575492262
9027441369402683098042515872640812570673925364506005139088935446128511832011116773296556792904454,356029864628289312199516425694832585056222441117497628971889089153763546730371738406709517457289
136959187131177070223839380334056275252624371037820967254976973493720435005455669049428248405420234,25168484128047847776161813962887455364304054284267448167038122294508122034562732609779392253177
3976908229364520391214228785446374408386127756315012294207863453048419551584801764033208823409725266,58654489873137645619494587020857173135239240090219810375977039184124757229133321147519938827907554
8396781234761896696829029048535659917882357758592364428888013611523048136470918354067832094627896,7891227287615129975056509233141109161332344476731388651284386421656310892103307348796200079045031
68775996566545267235978197529193284073413109626007522293182057885084881793817579474479922988593,309368147297387123627464431526167323708139463833470720422000645280093958502161164830393705473306246
718239528238524843488440232679917288014982895967949550129657695631497320789658620708813583945515606,2051075413356616054788432272319230446504812403935116671086748058465790722876836673059834971240957
642736120031201954572010677563958838001400791067538516080273584335036808258609263033453586881838798,26014320070286428382967904988044062474769231498003890195800434529111427093246961017907098630856
56935404846963930969383067658409049273421644811147573235575119816028521902647257296376337957163610,164429674811488480713455194822994899077924599533765125066988954962845365596820951322930934453370
19208991609662877619898652965869570931950432505230880410422644323830907736284323657938018015729,964331077449441880732783014776771957933825091178467472178713414073274799078312144576689793397125
441363238700461497142101161793030453023538110569683522539051951469559492494092556737022147001291119,130795153170195250406296067509448891767400842016208890565677319051007025831748272414647180404400
4183473632280580266445605991839683107642649687294693247181967469299363992953958062401166688928165313,707316860301595290769856737008683401933329030355798772957604770473799288077814052313584001199103629
6700662740883341152330041769827743005049947959517765345675515637616943214737019769959623065536947646,3894651635332174141081853759096481094681061403516273953111342500449639452775463990903283454754773175
9862952478849299779029690091595066928976704725517653619366943708331089544045292062776371827616132,99909107541252519277468594884183551820347556902236508092607592905147788056852681525078592300802288
423001094818867690744531527041529939531696877246482878866171587488663801273390635010160436402408784,38367983392093127883410178884976915660695946229296885538904608401968015984848234017106506260532
95882914885008338649405826005044488381875983157392609942448612441604940552157878282733153842110,334144817741738516219268315615348011036339239641337880815914600273588980433961776501615071874027
7883351841278625697136634442037588888496475596720853110521087134140790686290247874635469567073598844,2169792988408693782439408628563729961349354309950880799978829810733988305513037005229114469575644048
37952648427305972708743248885041323429233060055242836495086690520976695339086388286005089733320,4908751948689253785731127079181854769403486551242025887727988689224300635072332071013450197699766
911836016526113586156241723081381454365087296933649677115738061962957502516008432986526194405107625,104532094619970149024396721157807410119561897761231784075914196340862350303310517230171369693664
25847921019336542193114253950704994384788180826931591332492624938620100695253199597195092891453,5055314666661594060548362692514464608946218306729748948362344742698267854892944159904749224143558963
82711883211378978694088576831976658417517504017096706451186724509996146922521510444494006969486,75247689591712950456680483209376538361090300865633318027906094773168479955692245525751074366878672
63893172187318150103082266246726941422605048147556281877060260632204239400208785347949559649068,68107856416106683443023939057744507760386466573717037661019197578642361313658927707014319955245778
640732046977078234921580685813894879031672630060294502359066880361242602564626415361809401539981,598158510978234529669778769658182666802005936075781279631148952501066534108556152944810376361045
27953056628018161676971437394305297003351055415079519568717146616282241533954413296849276021195,1618952150785309006856206875835293620140699345702742954018630220660067020093525019530177798807162
43208275526749690085456126199767082167786310261757344467328276742860085078284725791211820639247346,58080440332099095024081344427443522184038760744724458867309232889816244587363469507978582187873
487169823896087373376718763108328352037324119697615284922480956499970537719203093621779284051639,3245162457508936280464702253527084754625798365581228957670656033887996648433970429230639761607492
3338152279173888646264818822317907638291783065947436165506645805996404370915002142804588590334022698,459352765660272363529720301036831536675404241847062221970255944970269793235784776456661797553021958
17610628515898120786534543822683269219987193207930978815981496479292441380026628825577393074011604,69897688352379448794366600856751132566449079183456775055216523881060807944963010833828438187818275
73422296705746349764095103112120171301028881335495788437030536235948856942203891682833011933198,5422551758054139548759394467771429982178007025517883095534257638463322122695654341050587279793972640
18737181027233488377662992751914278194630399492883914848939590020201710682411223188571863962271,8674620463493117700858362918093293073587611110783749235086320500928369089193969722291536231345306884
8104428127782766254888382950131751118453772914914017399757907914414400001263574759933936788265662778,403628527666471892460310133514485758793034634017545750186966003441597999409837650763150442153214738
423881633974874563447431355846417579520816188443420193794188021602439351884086203254429684516452588,879721212241741711004600858653575404141573619374354503702181527279569494850762932924009666109787877
78918286461558580950609818733345101468096252837644782668906837961422278717023752343046955748894989,92775954841375669738583572500283837261435250939903278595607506027150283448864390290837282010023849
9122119202843074932405929239264195939221535570202601011508774026495415385421952737873643897155844541,36971861147808702151161182019158991729148258157835739898073512815364020314313169550162122625075794
3782201479597464603767341415318447135240112223034264968230913471751505334381517086597541136028213,888147603787075268388046982441593343036548002619625252334281253860769515675053360399879373549244561
577024568846176155615274559798560964534695587412714325992321042137133873540914830683186964578797,282645109757530340051150704264050806574598830841690009121068705848634798153914663884990129921096673
64059568335547526109934626253702684181641337599744183251209093093237609914537395261067152947088963,4818357247453952767340581665556230698908910669227639567800572153094395202053453176293256026495541
533181775049063857570355859956967402329722626333475607040006762578881966940904582222004276224468,5796196681227202816947020981053428110881872797137432859876530426061313482926154943641742342788183672
322900018531356773246185743216475497134005358556053396956171495674831444843990818451327310294984,1399407754650092824810934422804916592714068569676897439917548982929557590304931286639687683068503
6410220726658614064317656194326946400128417468697834980836943991239508401701481898205340042023269,38228970103823400059194405949193863009439303784176966169375808909529364774679415288936460775589285
832981484551865734353664056940890408950135404955859329141647589176079269586914946774676589686012,777860925833724351455164071488729894318510612809025059008640705330253794816496383563712936834440
96521638883802404909043563880133688026131797221745298343149419064261470928897851891966770523375,7308666178136139713247951767802370439298713140699783998057528396228022603540971053901161066913589537
2334169348660865810023230882375907923084441241600681860625999973973358577912438388505402332773017922,849591651843867782011089700327007490286723226404314982722136813132781090661131678493731122742288624
591359477777229542790728090504843529010062991635977137006401132430221310965036856131922118432548339,173346016621605084031593325597288755510457238647096181852749176150964202932489129966560784767021591
5313434215549149862446101681388089518124928110185870130743800254928693379060521281942411683049119278,867766084742328644953774242731307023292716147492686588756704019657254519705046120560819282774541112
322886185209330659768906087207523850887258478385602983383942700824105713758130663874961504895551,34956381981811406285118970512205583658776370415841085056567473276868287291021547009834132216506
7049149022743918182477554923206123888811831295490658850636349634034442789582101442308539461831057,4314267958840367367219550906453125495906398681737771565522758246197434560647340925198310035910865
91470077603566622199413498318365105071250493551725623541257123292550723937474624331914680964242550,8084430502789039148722001477685788283668771262356190974355795484825265259662431415456579513042137
425210360654025301109512436411964765738254084342893880635414927086687299951030291486952592020031,96769488355621528906553837242696765212579629376064463733495863217188801181782900358221904039966
96485397006135342942783086104190829418036806920025294426952592308102523816998784628932347787678799,4041813930902331770568577122890895564626713815790723539330437027981001168677344690145358793608182526
312701814792007320958088945988216546394188745847193903889636263214086099509113903407247377569975,4405564689532842678638136725652553894697341123024388028173282845741664834758853309288842657243039199
611874487650982642761867106128971063524039651136972270814006353483529343244981538269007124646751254,8958417501666486776574015311823049994895743249048003522974831339946914548370116631786789762420779
93830803511735250586957270758981882961795255808400505026897807476673596625221085409991921698685,610052161869162365484556761497587199210578703472594911455654895183605337978076482643887341736633
36122145498587386328438210700299660518637843302769911002167635654781572727740397214702383058544716,312741991895100565821109315721998124937324200350280791717792238024606615619788419682336639658438
7601801041446483483628497118132733750716759660594711677785155655678649319256653012366906601484263874,948532742461464637942298896968013473196595420050023046681492754707866167368743471485828274207053069
55285420378572899897310970963210110781872258015491390495846116646767743115698352183713440150564,3774647738631143134088647461253250954612997461222170859545779495682342452899298587072722309707841922
90280784207398026088235747278285494761872614132350985752081004395285057280655025781682810897671,2070620296705045591231929594828293499088749940784396707759157948899679415476735254793209266950402
2439223146397618534446428003982038898359132427188797426045154700193928932647628563510769159888894683,68122605465979207006373381796327421174192884007873963393724409275403363305494278091997828057419282
3819033492510027911554506644374800283003719566648744405572604367445454263611519495130405143292467063,8942537668819560425336639378733400623827244099433977063895983927496904388374150003667066589340518
834441045352592034005882476739356925475299350824202998425108730761945625992200545645327675967859166,2449574682500238810875710300122264293722685936774051072912633698300849644061000426718482595358884687
5015879842434972197128750821007109834737260927802106862202677086587461512492936038302432104569835228,385763868944495821412956226518768462345684752314474838523910316548995363369694506134562608718159991
22356912534626916317174141952124198325926901753118299862246741620837235811755520817435656529214968,534644749493755170284127404853039234292120996654430105337083934942687492913731807388014702780190
5009407845602076536241906057660371349934700563224405313222353118377811184809372136635104317052465,7544154819922171906061454730114593903449448952030527017185370644240112393979586325535575046227391105
658220638629440009100790401592276357447815884513912809670269744824588381325355073592075779099439,680606419650083822218801667555716599355916436732415993101400489927427624753232955737375540116368087
95763854243911728836407194006116456929022342661258595806770950883468357036365456911725444364043892,667452608519800826274593532620011107783737148384263643351624119400774699847003064582150948843404
271747283921702916429006339055329226446441236070674730689488521414984568958414435066798960683185,2443818547031892321735046905373151791143306348697661212341810963836444643688018717628103528755165775
60623124456176258260582462653893062064630404294841861856390196067147310935153355540790989232433,321315040236731665986405435123172281279721709751520127483042632160739557365955196463355508648345563
20213703345261550390450045168879576609980567587485345652479903832170453110202307463409111626964893,45657976644829974859358550953365330760373758184508970428838830634842573573462261503833584905705494
58094343318638021552781415218852146954118272451645066615064509221791859514861212791949373958091231,949156419926025460434968715788879827797023100261895823487379190091296163459198685623104692730062
4205409568353241365833906653405981730294450744379160336278444608549294349306467985859346142457270343,596117920679298937757315301978145561907329526840265873630452151931971615515988286112472866755405246
969530030206753274737971406253939449499931571004584605106820435773905166060596969365193646068602138,971513363226563257661757471379846606028637268593220271426304230970260015501049684520478175969422143
190673037373911763914559822369946756993788191535453153626642017091036385395854763450108326793403,389789815234210558018799123127422341982503160665291060470083385993565504084994640310960878124996940
91888666668314363469303752782813235037242643473963436716577212120807571779364109493564483546848,43561058490412202386257960915831716481802746678601209092381200596796095961867544213694610048333370
46775086381423743160839402449378382573641085097830503740435785560410913255762855013850999701901022,824506757339338094015743168156401096571655513835883424088662878876384173057926813471651673189974922
22816285005960483633268755273652462202118899660433715364665508211687080443872627111603701001537,29636277180752142589343488506084555756651768784588609510415328788023035225994940189099646814045880
792772746096592180783547356074414884504913312806757615311092671769930027561122627046965407603058769,96571800874137472933342658822873700717649713793388070637932258349161730067925467634733839967310384
826813097155058303587503320773831234828473489236351884205795277713902046031672110450977208975486188,40434648636026230051848711630896459474582558424526546638384950846765381535903271885651132293215016
74006385794216385439869849635736898473509156532759177026665642377123525510695912900664998608820977,609550520075493439684752733958582457442173623167784152915702886975098902777788334406950460823397
2636784475963232945660126589938493961404018643914746579471485336150411648009818780853968932634768942,98949468702782002709342876019978901874575711550602422763742176164891239975848870881293290977987
61711678281475751367756575120351601452649083835752111884170083300758372695310222100847799789108,32387599556010322233189434537357611223007831952924725590066846515829606353264126878446371691882
62618907281097529090986745252992040564356688868986440534439799723540482809385458019914481157475,522701798996198963204607575738429330783727494528921213060255658788804840188742395447523645834593133
388936621384512411018573246122566809157362841515373188600346886922374672820132883144383840229472,14927899423225648812832840388785892278141503397614714090343728363490340952653160831524000777699
2289107886442037662700644286164327884529946520017979559707067104170429752258321347454804613777521,41680943442389476164391619928623991358397760381889827093164613548557686986956451467065595268222
3283831086642122868266662410986711111603847797206452395339663598447421187326778482814609807854930,24805960946326998321004075282748628417770671163049357655412303299782479703328712049029097077431
61551935967831177169234535668698099506024569916490689689270578651109298043073725607314546929902923,3212434953238269957161155834197843292700127956363084305100714386830873446791963494539968792204772
809709587455718013465300080657550711929849915898485640576515182639781287805943376405581136764714163,4830213484783851882114439383165725089512248567896834178568784506188825183006260009188144480902947304
43478722172509476824488311584869817991773496839489353984444817701126674697032570051587811100701287,116878125493035816094986828191315920692481927375415446930639298418980579213482237656091988299899
625930462297647086014617649235374488944999078056124323338128357992778504360447844911414199724692,763131634237280741379681854386228674472378551099215018415072811050654178797893418392722686772405
37068082578744814486551285263823330135944252446435822500960296310574588277190170009346383021237722,723739514411321127956033939893765455492894778043712550395366447197136926837931407636677903603133
6760154209783398513013420527846300375123460996694205670612146737073341773120867964882365366882486571,4059671086903753085888528183332319209754337414980590030089303947731801988105773387762239243520584025
7805573420866575009156121639665207585468215812025276727623438278395062255281743736139451203662242,354887017246833238956106522891728226376718350879100462024574371115126484222346545672413360823799903
479708922457269438179329645667661883590303030759364911006576212159915829967395106531007866067984,67277644220081535806412695824304326620183880786129401449195648036399978845913759234328341082999
158793086950826481307234269927857657207646882440091969410417784463843964519412741037276648548969814,42060249562559015379476099032569582521425473067133307111084152806920633463394482051343887322218
37772258424783114050441684283906489745297937396544372084392649922765947978112843923357917358615,32929285406541639255036777302400616352925792533607990562331875134676436766586359889451591830194886
1291532650273711274321553494916590843254075496674880550835864184023340560346587457336406711873767,842143223511210440679456465158078049361538285049346799904850032568544975447532567145895222422360
5594318159227201733731896692742607669873283812123697982366056893915028654846424284438693376959647,17685047959798029914762003306639199270412560857033160440626171072527522262056694529906536847375193
42993168968804193840172732677597710293419650625462119045487832361087474690044998992897335170450878,3705321818492791886188327733362854486164350653728108866064919419234927920461607579575377948638075388
95156155132882302314466694014459714502190694066636935600784508449826575528575255757302529936980,2209278297410366480696542857784938634156185563677405149397111037105709887807827935266819485253603270
446282540747068256499921212246956084798222665466870715479188694020125217137912182675606724446056167,4401140430574820130785389495686074545936486770903962584867498543936224961473997384797293017432563030
69646450457083396015122859808808426198144166661009163307052386412248715890870985432204811373838,184107645366450176974514579642275982965970418916926086601692919815157185694567458846027221080145
721871047777072747029552583374368079815736300421447252502275653527985395345765791172286538890072055,826722277777431454892836023168936070387377239353861001728050377700525317325694517283373195765663197
7638359187163441876570202182303279605355823267565628028181432757811430577398817594896838531393599778,80470226356776373384171655744730767741293999586165072459931144969289130138660070957545131312928
6152415743815791663136093171564757212017698019859008852159624387421473407070877290980453256143001,260527470723544445657462009945974595179219846845991135764802338840028793959843108571958521776050
24486269891405614312302998983913350839236835322519181163367358204036697951852353831710514403693,96858466113979763920617256528170748962939273228072033014195528843241620787342082205780909884780795
