8656719905771544370808209924440590575103368909988995330213330182326616838532718242818688262190599465,357086476162105048695455402704284583573557930136168464842045544871464141658992497209588970548044398
3813988605922823614139441921751464246476602072180718499213031489975114022466463107994648044510104,76663109947964492255307866183872739495409948352416731758838004522093459858487723640650115389088513
7648168203686167722492372372005363845594856625920704227540756003350120551824985139197610973108272011,625645967384377300239755844790984939133315049021403570438942436050859648653147170121287924195327422
44456297073131516988555434000509044302489146550064644984954815197444613896522438131701965691327,243895616172340064723306721160114073553834101863973200478165412665478309209316693405438751663273
27843450195611362693645119822176493510204967192336834541804190778182888656114564812830176416816,907705598112100867406712246335429013121549869502988731859673035660021279314951254562727571708362627
3118922281573191370576277429166405823435460052963419012803689069676209460884714812976060179164648046,5334197383537841146742024300960815099484867422287679488420224724056596145831344523774714389847540
265700383719272762924734218565368594433028019328379241813273142928314983864627120376836893589851231,2604875071404711088849450185088637487922083226250711093564123403153458218620004209365407077584497310
87973109414089046588137613070918769530439216394549106745093862479822115540704830860862480731771,7233228604689110452645329481820740887706202539269577830963596943541830284364880801331091554659424
891601929598381071005841766539224184911629409515326911143358562571618475053789534812070816163393,5114405946719218968626557502815557957038910444837218327095517793473252261844073671245978737281260
4614531867494159049004067639065396077359156303670142571885750553339491547093398893880951376809156282,185789198855463442146281841931352126508887231941666548086073278118460023000305498576214992983100
772352193666964885584544577274163846697110885963307169880553954348672183418360153867703598096184,30585882203907799324132765618417771461112843030712583016065016339874672499001888038748790717028078
3101137043308789213219803642504421722616640807939722715598177208865723898586922413160782539861828145,79992215868772683273482323207863669974180436873448847453612437648671585224370117744175143726502908
49179273470232914292414824634311241887740798462183449176619874571203364838775974586191704356168187,36516544628053971211966295815145126117219160194880758105636211517819328960133345914731108482946546
83014705325382012024559115151004947659105704987206016938779138946146585792076028317712369954908258,3251123156340464394142956856740240898676578716467609428208773080449457949575474884634380713291873878
194253983897475323504996307408270906631745787891092825603381943601823264857962911467851911588005,9286318938406057661989394193212928110409479047248377692945148116279914677937481510825122032111687
723971491448496988678457702894422474728187066154008310274959527809008688388776169382542543324516,756531220160909176420752028498692339819453037115525437728429952319082446731989556002639402905339
931207277887029334202176387314486103942261358907952915501368324241484806098536306599075419248014,895106141167865381389058770453688317208639259939090261680157719352239496192405843298843947027952
4409132000543898763553583909303248380972114377045907247835692609361538785730168756786007245779037,20320638787987535059832372191424226519771912643018390729799209974961851017647752711297986688855
720525516154262547277443829835127709953386924691498831281044331362026521436017612159356762918225,8970811365469684719867183287006691580629175623484937774842594649766505098146048437548833387149248
4436270831556240478475624434652568654425756767016777626180412808133431600757789730465348628385551,667421118700126016367590385699907187022364064560061991174170374823423413158105618343439733118833
8378857520746787807400968964988751070976983870804693053493933280089196156940321122787497712882876853,693802160076962256834553623418208159059167128317891659879664203915949265473392123739992453297106671
3233068061047028325999402393672015328173668623968724526929767420716907007864948781385838328613719168,74557716491700905599954108199067700829173235204310481264344912169162534266743136228292667554187
280068908046095331763486523789031620668404258086263612919927897642692402809572673274121628034091572,90478551030298574614092763656989705292799887630725524069170573508162074681922241315156319204749
4281443990262251517218610664161974194721374216982606680648158063380509394995433387703933842262647889,823052662658482252146708899169393522582111789565541859762723662074617753286913388308756136029727060
682376194391018150972258292355719593086929356285158104980164929295955850510784522024463290604308167,76664610270063056683119402132256462016329580804836497639998688502451718214129678658913555559179
76540836023455876498581265621159030243531555822921891871211791574031168243315444187546632193728,3762102629756441824210773420638885003377898311357340281355378197691140359349503110024749374045931483
7873826885562750978853703309406448498298095502792537993562584854981204644911221577869610469063049405,894126203504470826268060009088866523321632668825311313131273726741762764024143698445220048707376
8430950382805254402343119773472257465709488954881005918197136454621508246369855192911731687885996094,418703259419500508927121724304757181121827228944226204892664504324018279613318523349705627530094
179999923259756918376004207374530773673331389842773044984255589889553582053414243785425711983148,79741756182503573922691938228858615756605499390556871794668914281924637302505725723628292828588
803121274237447244368180946874863476355675880185209022271551684771002285467730774687039436826767,53409595306686042419512398448087716592991513840695945085942135586139431713746564531302799622875
30853172303291602012917591118198746044163642797462037111049380086011891725599492147486473954520256,85142775581778519977460468576206549665352864058971305565512415292913949586304625522034092531985
8981207572182187605234560782972294573680585879520494826919075480997540769892147451997563013179303838,5792980710519762459556560716307114075089416344300425596540146314732745018288463597893612157473351109
75351375685240598173563408447260258466749260874447752717294460612312953451376593276647213919786872,97237654985867602931499390513032006698402988566208932956699154747742123136385632873759931201807
3307964263788302158239882700879666755581601376073614920591504065350189331898515675517183852031987,4204206927056294825713957514842345403825349903975623643351648077794608611835363910156274459251710
886211934933332266926671409830077054200151735795894177037877038202114274776063183853060507009592869,3207988728464274793851120460991729956266674844802743054085385454760214044337590156920766117202911683
48401702622847343550893772796427066030779867200067226540936856484819321404952892715387949426132511,12371003888883664193191299682946741381323838288845969099118132396110439042808821536187696411998501
21905700907664037678345331666034340163049349625870484851088768805639940499507576022327298344650,14612765259061638583486874252243944396193044864464453188492782713433548251668327461371371794047036
67059368576363802962871503384029854249934201272090843405030188511541887731196424816607302028315495,31119220859915183767115122644599700344328682583363001683864319480079664642673161500600140797121003
32856136461770417456239198904800902446130841315264426454248274219793048950308314039202838474520058,464004820961992121688702162966197363092624770605626990163833803007355487328636526432510003649328010
870888028203443277245163130832682810402204830659793188354569002854546379419064788842578086897007,399945578981475772494993957669456119899511653256964815043739949886490436589620320992290813929019
94258034878547510434873517839797879773649025884507173627501941261083754286923565674321125562889087,43797452817841732020764577637535945634507896360619313543379823829233941717851981324375087198248
84137155233748759797118838786099563650443258969911536840192153919599275506486779181247302986678626,85757226688047645705023579580943088420659662654840840531902960686389700686708320540447841679018058
715328324259722088652848205263126701145526628493083628037540265604825053509377010300434275660491,21320991959528094148862374663283000615164914049109546979146737527112794758908194025704314360157
805122340067452558148191598118369245510802621569350964940197559276187633298858412574650346035238040,125993612833266283512087138065859780341483868296058378171313981850927597608107568845304766351292680
997730822267012232879598755524096008525186912571504231678082932963069615345091299741438512387687292,4903799689041240300634118614086549882890379186384500918184243497752857616763169996979269812685434
3507713639337965592965802256525585320326879155899163178759227919789584861213078979940078759071821942,374601535097724320384746250509350945493243342836743286028715276733162148015140508296286790730922
722661987317100969674221461684487326979615472592293079871817863908279127927307870235699210140434450,337243220827214484155251136804861501799997438053936137879224876991944506831642150598261700710140868
56173129632437561340175399610600878809835901296086025680913309295883239062066577363872985610048,2337873177929595284410784061161472478140484365069727134451948445921843752771110219310317289784530699
5712184126650336971528960449140364584753812147530240388990269037265756551533361318221030750281592002,41941874621713981693150065689756958871066284566927394324287537162812443229395104742764903306041818
22747214857853722757061601496812258344711621756779804722274924854100664144264553567740648199578,32989545233369404696958101906126859084618436889297858228854193598643782370798640009082547347402346
631734385154119815503834425433281393161404364539846643984428610669566885591402626774373095962646,291641318476632751069455742445197423964939939778627583106356436456009826703284797402858477205233
62393329218292214718833856148414494491570311536145629458769526264422994614082662071660511922789,601183066073113005493169979715845903125655194642127386863916293398475033182516987359833958970242572
870914087465250423813757542519965369743507330756924507629494685043316039443264669986847136953096838,9818726135373248003096295583131832601619191381511591825133610261262113029352321747298793824211467
55576486447851890971379117248464277513579400662956617078376397682413009904130986573176888934837,5928662027346192845722884937613648235807039922377398074045821400240757011363750616439197770978298
491702969072563051133393284379567040135903034317993365915751220569962969510025280498256580902748531,7217042413075246082498465999503062182480049494394908540959135312292578299957877721077012168710191637
83923210614511808740755717616573738049308475580323390088195605898543848598285797086568710388985,61634737642012086892851371248166085773119776382266221487216487811234321711229811360333556271032983
6651341034633940698713147822061516317313136952447800331589276312661455751325348023425262588228934,7498351465223995686624932371031768852039893545709956528832811514173875945615808086498940757282661
4423464852574118103662333350812845813409429881756816294706200942760369503242699542423725902292740977,373898148120208301514637288594015771757785446031579207594624476183982071124267102096894650704343762
8844688081276341916366359835569518912008360973618580179077786419666070856309023156203151058818345853,79210769537169002882951815017201745906904507707256708174485404463239900914395445178851706870389
7410629596525683965572163986751738356644832611789747552303277400475223902239049569953655598009668439,724727052185068449526685573775569953937211234777517927544938653441378678051067368334316194193066603
16744438297395410899701522609295464066856610590666499589976204396423868741688629984662033862321983,47768095117123362880500741475969591006359657218171302140233840654653211440705983102402384850793462
762789407971765006152470200141995545330000449885167052807314003931048208308294814433843419048073,67496327989635424979523877799049649985499695174926651791956131988169291886990974698732553511543
9218164663196376269736943257927766259660149382101898593641055572677065094838782303125260792211436,9666741954029135043905729758978385001671678124807992480985413821335547095069326621180967812903952596
1613393981160691523408488573831949770155587391009904405001639877571011990173887725102929686753558503,718335616180725480354460236395076429308638463925565933702585417147620094209839486171825156195868
1307540779064933056971331371285520219137522907667223019854016953804682866871040173330445259777840,4998804077160566993566367077859286739774339123682221402103771688139639422953967526921452771523880
98009338062948211591116312904560953088443924688528480774100432939292112480860490610187435924847496,956887406182668940028389889232450792068181030267963740117778968036495801326024555949097251435383
25805956798142883485522513753341553030779604492731815261236947234756948980121710755557202955483490,3727870939712294820615205568385382661476256536367083803227889861296867013083859504317432064841143663
9910684149847585210403457007971017288367008763862456880318913722988890063587565910738958624392075,51508538214793901582585420956487324562052098805595434258923092993585861892840944651123734776962
4731649702026115762390291111998130071662920730874285726828202859176117170193302567991974086202846,9702996440437270800067848461219376455149104160166393460331663533541412986764996442066517906126083648
8978185523508355062978805568250603128787974113493098257937476746190443317677470424461404628883776,9079129605192217098582758938104198522866513975322920295320885110981515187186334864741195526988897490
49240566574787427741148510024615359098797797350993602997975118834501651463779971969994827475901,3379302004478652209402342320168907709458204534138703215014082443683467328864512095614092966108177
94340901028465761327700770881346922408095564896064865374347665757192931755177340282660567249905852,26745562972217890143354087179480301254910404655377592285193420102999155234511929606164345459267514
657295067157645535234256656045458910561931392821006359444513584013234495438137748322779456494060,1027591083925385974986761068378918826952560495055969445747085979899739690993592458436478717375851
1553342079291823094914895736593427501864518902962268154964051264451541065746071135582286807486710,2499109750934235599997886071100530323294183595919647364649274796950278613709565051313143830521445226
68577675287271338096310308275310268562939396958095982345691811148415487335876573607394972270271074,299316640736269826981969661081935594604834613120896784154358425819764611753710039108213961727205592
5926509539336256827770484363964766218761324284833471128178932942157900058241523424809604427425458,609393710398197446663972623160392185656866703209506280572409267909135459677299136841140845746724695
891358388302026759706627845581205679593576442140096446931842797569185345016693054509563367286723,318420832718811353236597577006286855822258090198167180624287615532191567241181683969539419206141
808782520285243905705545860064588451366968578331841146492484788154528915774552328860798888620972651,7557199288017545280448100305105346418769539085305226167331828255131730569268601954263870352067511
9824636356262859829174041301481046140557056073152939471965736120079241716923234540443909015816308,730677608197335715829952914040358088813399552699853312613515321324909264276719636574045637183099548
3284843739209368268823196778816170813950114874073128696081054885326460554486895405853935871642253,907937933394065286337716834573110052832091240229616826460823622826421147313988151976997588771441
401618175042192739388234197388498914245403802927874391931553511364725418308677922651998476347379,1354208924583868012653749221633301980927900097586465216041419344592189888520370643564914313194266444
845702498282827809656395036404630988446759118185451380738647921510226003752989634887471717599965,62089795481347285098592343042223169920268017756893772303548066342984846023564364371834289298388
360345146291990760385655019842472775264973419640920671312764518597027033643220075794053054126718,3529456484740915355471604655670342295420601349304029023934615386478094042235709418045922408882951
40588684971734118402550269483623546114701162851143386027550958087142620685233765439788949467561,790902178995943590754957958205984416477269543952926936807314556354642776056368069026401394205094
585855285152311497585739117785206982501368205105330266376004936006223017481169515088784050698315,2890575482785017602353207123490986433894278193937581435809127233399596279472127596660720318321702898
78216891893851980008949608577494675899372419187566813193531177163739306124621594357954686661189304,910265560708367080345143763859572995590972174211929203792131237818485953028531125983818219809599111
142501579176788865737858047542332927405207008205509271557240131206889689504764631328115393475840,8476963820736317118328782472890915748767421007968997851690936128311464683482237347513186163326112607
3629323651677879079933266448445158744364988042723663306026993783189091225483960753471403687637690430,448532867363126989547486792069982260392064013048164354467835602931640702787636373946287741097951
85972907532620451875999311940070413046154959782365361173327431987462039772433375055872632416438898,9643394413372079676093173557335089522709576409674335942575505483630979474392601197494480379400087
8045555466095312319204741586527614045967661674406724650911027118027854892972396588145337249299428,75581272799061614078526321010723984998768511077039838730297054129343175188222180949510204924872
33645581409972375720652858986393717637665842877640078394370533217424237718595191919536915907560,4378466216973949509607442405341711522651033893212034393253937980945748771489689234058198769005280606
41655221315494163280542167166827986234592446810680987330818544952465378779437284515557706136760,989152400349294463222690364129960533613967498552745446143820627169233250071668993371788175017988128
898746055606230268786296672439979998055591639298755076212550636865016396240841850529425607620716311,762346467865862144562028595890550529780962168297143364607591609160449894787615581677357393338145
9892571992756083561665702969131200017317172297484207647299282074499422714134082915264014086611371,9945455187355803424965910140766089971530207807219628163277797934781940569891615562256525745341010623
20865580261445571124892662619227284869217576514382986852844963346431426813898381885025588444775,16887146709149301204511479019506975451897068143318382522593961754521188830545107832514207559783
89381257798918663909412152313215760804133763458722898099649602317669538232050874663143972515963711,37951445172941500284604711718446331366803744240216631677003526372490195432911934933036564352673
144541588122148995208179762165045776172262851423516466050695301335523153656170656435574550590254779,855730138339313839039268788950558777106985322189328284075224691757019913334539162299214814537416
40304396983128941234593185048627242083473559727489575952133652460401664932922753826916743508248209,92119313638909672001817486334263677456354286472755518252209553669186304952041955497317503749161
402422830722204407810932342993193025856499576575628893939754802515567311500520165901107183942959908,42324120763435576329915146630034456792801098834222780008561824120033700379750915643166665652666
7448322086081541578582157514000028222130798925190243826454060956737729277358933730050069654824221,60173745827924461978352270499274479580817405384272534182449292217207744108950252313967281331701
