3316,8444
8926,5105
2313,800
9273,1450
6689,1675
1033,7475
8555,6627
1142,2125
2304,9776
8184,1516
2091,1229
4492,3611
4464,2323
22,4618
9849,6210
4451,1062
5968,3661
8683,8502
6761,7549
9208,1942
3898,4373
5428,8422
2440,6181
1459,9243
8866,3186
6722,6479
8764,2398
5188,69
8141,7725
2822,5877
3991,6008
6209,32
21,4525
7525,5708
4823,2215
5546,8125
9778,141
1286,9448
6528,1029
1159,1027
2109,5000
2053,3092
9925,9281
3910,1267
1372,5373
5118,8684
1883,2199
5843,6861
210,4767
8163,1829
7834,7866
3264,6733
2818,6892
2034,8017
2691,1661
9621,1558
5393,5162
5535,3468
6190,9643
8120,1960
9260,647
3818,1900
7878,9186
89,474
5119,4154
6795,7887
5002,7189
4054,2197
7683,2314
4072,3315
7817,3394
4141,3651
4793,4096
8458,3584
7028,238
1170,9366
2547,7810
8896,2573
8105,4685
9744,5491
526,9394
9510,8979
7263,4978
3211,8545
7118,7752
8856,4289
165,6641
5593,8792
1252,7088
5104,773
3456,2852
133,4719
9751,3197
4672,9518
3343,3564
4741,7469
8777,8822
8415,3370
4990,1523
7771,1501
7481,4965
4488,6956
325,3769
192,8545
2374,2593
5729,710
4040,1351
1334,8193
2174,1658
9465,5123
6145,7167
2771,5574
6551,7711
9927,5632
6360,7642
8817,7243
1012,5849
4584,9513
3890,4502
9012,7
2547,7419
6916,7721
6632,3020
1606,5333
6453,684
8505,94
6006,2048
8072,5919
1424,2927
3863,3600
5901,3876
3749,9976
2141,829
1956,8690
4727,1114
4772,5299
1673,6329
8109,20
7802,3602
8946,3889
1216,1427
5026,9147
5795,5177
8027,4323
3783,3080
5614,769
511,2278
3381,8243
3566,7218
7259,2362
2869,5328
4166,8241
6167,3408
8364,5002
1120,2041
1122,296
5608,4902
5183,8311
5800,1886
7690,6500
8147,6583
9048,9816
9213,1398
5651,6034
1838,4961
6353,715
2106,7488
3931,8330
6668,2087
7393,8905
9445,3009
3975,9921
5633,1009
9404,7002
9883,8360
9893,1915
294,5399
9381,5236
7182,4294
3106,6767
9828,1288
4869,8788
8847,4920
4448,1443
2271,5600
9018,9024
1660,3917
2511,6182
5870,8307
853,3895
735,7405
1153,2381
5131,5988
2047,809
6247,9329
7766,8518
4951,3945
5361,8895
3514,4886
398,756
5804,1421
5478,1204
1925,1102
1900,4873
2359,330
390,6041
4993,2299
6449,9169
2497,6722
2470,9462
9924,4368
8600,5443
6868,3163
523,2535
6746,2021
391,8930
8753,7
3073,2080
8849,2011
5547,1832
9097,6595
7768,5211
4484,2531
2131,4493
2254,7275
123,6748
7846,4257
9302,7925
1971,1519
9731,6759
7453,4274
427,1246
1061,1917
9756,1593
5966,4990
1699,4861
7454,9976
7083,2211
9295,8561
6650,502
3274,5271
8251,3520
3113,5581
5652,9593
6852,2593
5262,8682
9977,9524
6628,7295
5063,4199
5359,341
4553,6819
5511,4784
9867,5967
8315,254
4345,7329
911,5343
9167,537
9539,8527
8074,5785
4621,6388
4817,192
5844,5712
2209,6932
153,4010
7001,3161
2007,9114
3576,7897
7281,6662
1276,8355
5844,7189
6281,1180
4315,3220
2216,4512
5834,9564
9558,5887
97,9110
6825,5994
3464,2342
2373,3369
9064,2026
5315,1308
805,1900
8090,3871
479,4833
9166,3417
21,3728
8577,9351
9591,3454
4443,3330
8986,3066
4527,2107
4964,3542
8678,6980
7507,2709
3613,2795
3503,6971
9126,4690
1573,8724
5712,2196
5329,7390
3628,1472
3374,408
6469,1829
7895,5457
6351,3337
2888,1089
8849,1732
5000,8565
4275,5283
4107,4993
5263,1686
4485,3041
6354,170
3902,6885
3828,9598
1308,2902
292,7163
8426,1777
3453,9162
6184,9532
9275,7112
4267,5152
6226,3766
4530,887
5460,3968
2129,1556
5663,1270
7132,8383
6397,389
4914,9158
2847,9476
320,8540
8189,9439
8661,9753
7924,8949
4306,6247
9277,7121
6602,8761
7987,2461
4854,7727
5307,1612
1394,3583
8605,8800
1476,5482
8388,4536
8163,1097
3347,847
940,9633
3585,3555
1552,1585
1752,1279
6925,2796
257,9430
8457,7136
4637,7392
6921,8742
765,7743
574,4538
6782,5887
6953,6583
6900,1066
7336,7640
4261,9332
3470,7829
4472,2023
1320,8625
4025,2444
712,3556
2113,5354
3540,978
3513,2737
1383,6891
8924,1841
6381,1417
8893,4980
4693,515
6747,9986
6628,5736
6640,3725
8535,7470
2046,5023
4785,6489
1763,9797
3553,7723
1145,9795
8579,5321
4453,9353
6779,8720
8645,4152
7384,2394
3203,1668
9631,3156
3381,6650
4030,2273
7343,8356
7123,6902
809,5096
9318,1293
5823,373
1004,7875
2956,8983
5158,1109
6669,9109
9504,7229
3621,4027
2053,1100
2453,1226
4178,6519
264,5367
493,5323
2929,6485
5763,674
9388,9256
7391,4912
8147,3530
3488,3025
5302,1182
7099,7474
9907,3260
8433,9149
8727,3344
1061,7378
7691,867
8790,7330
4889,3135
5774,9959
9763,231
8900,1949
6463,5193
8156,4279
1290,3616
5075,1457
5274,9738
2688,9076
8449,6005
9001,6277
6159,3065
2042,7973
6234,5548
2112,4113
8277,8525
9510,9294
6706,7775
2014,8265
1702,2689
3978,9739
2829,8518
378,7477
7334,6289
6651,6487
973,4424
9477,1101
4221,4636
674,4705
4451,724
8582,1923
2013,459
7738,6840
1490,7260
9850,8405
3498,9813
8363,1437
7483,8264
2444,5507
8162,7312
7965,6162
1229,9894
5821,5535
5722,3328
2645,9783
9097,4983
8526,3349
1006,8552
5920,6896
7818,5807
297,6069
5782,5907
6872,1745
1445,9072
3464,6752
6104,2165
7945,1454
2318,6365
3684,1750
3491,2632
5539,4453
4672,8823
1375,5157
8856,3261
4639,7616
5840,2900
6867,7425
2367,1879
5273,1108
9862,5993
4144,8498
4215,1791
285,5816
5713,4148
9867,1423
